DBRep_DrawableShape

CASCADE Topology V3, (c) Open Cascade
Locations 1
1
              1               0               0               0 
              0               1               0               0 
              0               0               1              70 
Curve2ds 194
1 0 0 0 1 
1 0 -2.4999999999999996 1 0 
1 0 0 0 1 
1 0 -67.5 1 0 
1 0 0 0 1 
1 6.129061917913198 0 0 -1 
1 0 0 0 1 
1 7.5 -2.4999999999999996 -1 0 
1 0 0 0 1 
1 7.5 -67.5 -1 0 
1 0 0 0 1 
1 6.129061917913198 0 0 -1 
8 0 1.5707963267948966
1 0 7.5 1 0 
8 0 1.5707963267948966
1 0 0 1 0 
1 1.5707963267948966 0 0 1 
1 -22.5 -3.1525759168370459e-16 0 -1 
8 4.7123889803846897 6.2831853071795862
1 6.2831853071795862 6.1290619179132051 -1 -0 
8 4.7123889803846897 6.2831853071795862
1 0 -6.2831853071795862 0 1 
8 0 1.5707963267948966
1 0 7.5 1 0 
8 0 1.5707963267948966
1 0 0 1 0 
1 1.5707963267948966 0 0 1 
1 -22.5 -3.1525759168370459e-16 0 -1 
8 4.7123889803846897 6.2831853071795862
1 6.2831853071795862 6.1290619179132051 -1 -0 
8 4.7123889803846897 6.2831853071795862
1 0 -6.2831853071795862 0 1 
1 0 2.5 1 0 
1 0 0 1 0 
1 0 67.5 1 0 
1 0 0 1 0 
1 1.0189365320945154 0 0 1 
1 0.031053794255352929 0 -0 -1 
8 4.7123889803846897 6.2831853071795862
1 6.2831853071795862 1.3709380820867878 -1 -0 
8 4.7123889803846897 6.2831853071795862
1 1.0189365320945147 -6.2831853071795862 0 1 
1 1.5707963267948966 0 0 1 
1 -22.5 7.5 0 -1 
8 4.7123889803846897 6.2831853071795862
1 6.2831853071795862 1.3709380820867878 -1 -0 
8 4.7123889803846897 6.2831853071795862
1 1.0189365320945147 -6.2831853071795862 0 1 
1 1.5707963267948966 0 0 1 
1 -22.5 7.5 0 -1 
1 1.0189365320945154 2.5 -1 -0 
1 0 0 1 0 
1 1.0189365320945154 67.5 -1 -0 
1 0 0 1 0 
1 1.0189365320945154 0 0 1 
1 0.031053794255352929 0 -0 -1 
1 0 1.5707963267948966 1 0 
2 0 -30.416666666666664 -0.55045871559633031 0.83486238532110102 0.83486238532110102 0.55045871559633031 42.916666666666664
1 1.5707963267948966 0 0 1 
1 22.5 -3.1525759168370459e-16 0 1 
1 0 1.5707963267948966 1 0 
2 0 30.416666666666664 -0.55045871559633031 -0.83486238532110102 0.83486238532110102 -0.55045871559633031 42.916666666666664
1 1.5707963267948966 0 0 1 
1 22.5 -7.5 0 1 
1 0 -1.5707963267948966 1 0 
8 4.7123889803846897 6.2831853071795862
1 0.03105379425535304 6.2831853071795862 -0 -1 
8 4.7123889803846897 6.2831853071795862
1 1.0189365320945154 -6.2831853071795862 0 1 
1 0 1.5707963267948966 1 0 
2 0 -30.416666666666664 -0.55045871559633031 0.83486238532110102 0.83486238532110102 0.55045871559633031 42.916666666666664
1 1.5707963267948966 0 0 1 
1 22.5 -3.1525759168370459e-16 0 1 
1 0 1.5707963267948966 1 0 
2 0 30.416666666666664 -0.55045871559633031 -0.83486238532110102 0.83486238532110102 -0.55045871559633031 42.916666666666664
1 1.5707963267948966 0 0 1 
1 22.5 -7.5 0 1 
1 0 0 1 0 
2 0 0 1 0 -0 1 7.5
2 0 -3.1525759168370459e-16 1 0 -0 1 7.5
1 0 -1.5707963267948966 1 0 
8 4.7123889803846897 6.2831853071795862
1 0.03105379425535304 6.2831853071795862 -0 -1 
8 4.7123889803846897 6.2831853071795862
1 1.0189365320945154 -6.2831853071795862 0 1 
1 0 0 1 0 
1 0 -2.5 1 0 
1 0 0 1 0 
1 0 -67.5 1 0 
1 7.1054273576010121e-16 0 0 1 
1 1.1347733836561156 0 -0 -1 
8 4.7123889803846897 6.2831853071795862
1 0.031053794255353262 6.2831853071795862 -0 -1 
8 4.7123889803846897 6.2831853071795862
1 0 -6.2831853071795862 0 1 
1 0 -1.5707963267948966 1 0 
8 4.7123889803846897 6.2831853071795862
1 0.031053794255353262 6.2831853071795862 -0 -1 
8 4.7123889803846897 6.2831853071795862
1 0 -6.2831853071795862 0 1 
1 0 -1.5707963267948966 1 0 
1 0 0 1 0 
1 0 -2.5 1 0 
1 0 0 1 0 
1 0 -67.5 1 0 
1 7.1054273576010121e-16 0 0 1 
1 1.1347733836561156 0 -0 -1 
8 4.7123889803846897 6.2831853071795862
1 1.1347733836561158 6.2831853071795862 -0 -1 
8 4.7123889803846897 6.2831853071795862
1 0 -6.2831853071795862 0 1 
8 0 1.5707963267948966
1 0 7.5 1 0 
8 0 1.5707963267948966
1 0 0 1 0 
1 0 0 0 1 
1 7.5 -2.4999999999999996 -1 0 
8 4.7123889803846897 6.2831853071795862
1 6.2831853071795862 6.129061917913198 -1 -0 
8 4.7123889803846897 6.2831853071795862
1 1.0189365320945156 -6.2831853071795862 0 1 
8 4.7123889803846897 6.2831853071795862
1 1.1347733836561156 6.2831853071795862 -0 -1 
8 4.7123889803846897 6.2831853071795862
1 0 -6.2831853071795862 0 1 
8 4.7123889803846897 6.2831853071795862
1 6.2831853071795862 1.370938082086802 -1 -0 
8 4.7123889803846897 6.2831853071795862
1 1.0189365320945156 -6.2831853071795862 0 1 
1 0 0 0 1 
1 0 -2.4999999999999996 1 0 
8 4.7123889803846897 6.2831853071795862
1 1.1347733836561158 6.2831853071795862 -0 -1 
8 4.7123889803846897 6.2831853071795862
1 0 -6.2831853071795862 0 1 
8 0 1.5707963267948966
1 0 7.5 1 0 
8 0 1.5707963267948966
1 0 0 1 0 
1 0 0 0 1 
1 7.5 -67.5 -1 0 
8 4.7123889803846897 6.2831853071795862
1 6.2831853071795862 6.129061917913198 -1 -0 
8 4.7123889803846897 6.2831853071795862
1 1.0189365320945156 -6.2831853071795862 0 1 
8 4.7123889803846897 6.2831853071795862
1 1.1347733836561156 6.2831853071795862 -0 -1 
8 4.7123889803846897 6.2831853071795862
1 0 -6.2831853071795862 0 1 
8 4.7123889803846897 6.2831853071795862
1 6.2831853071795862 1.370938082086802 -1 -0 
8 4.7123889803846897 6.2831853071795862
1 1.0189365320945156 -6.2831853071795862 0 1 
1 0 0 0 1 
1 0 -67.5 1 0 
1 0 7 1 0 
2 0 0 1 0 -0 1 7.5
1 6.2831853071795862 -0 0 1 
1 0 -0 0 1 
1 7.1054273576010121e-16 2.5 1 0 
1 0 0 1 0 
1 7.1054273576010121e-16 67.5 1 0 
1 0 0 1 0 
1 1.018936532094515 0 0 1 
1 1.370938082086802 0 0 -1 
1 7.1054273576010121e-16 2.5 1 0 
1 0 0 1 0 
1 7.1054273576010121e-16 67.5 1 0 
1 0 0 1 0 
1 1.018936532094515 0 0 1 
1 1.370938082086802 0 0 -1 
1 0 -1.5707963267948966 1 0 
1 0 -1.5707963267948966 1 0 
1 0 -1.5707963267948966 1 0 
1 0 -1.5707963267948966 1 0 
1 0 3.1415926535897931 1 0 
1 0 -6.2831853071795862 0 1 
1 0.031053794255353262 6.2831853071795862 -0 -1 
1 6.2831853071795862 1.3709380820867878 -1 -0 
1 1.0189365320945147 -6.2831853071795862 0 1 
1 0 -6.2831853071795862 0 1 
1 1.1347733836561158 6.2831853071795862 -0 -1 
1 0 1.5707963267948966 1 0 
1 0 -6.2831853071795862 0 1 
1 0.031053794255353262 6.2831853071795862 -0 -1 
1 6.2831853071795862 1.3709380820867878 -1 -0 
1 1.0189365320945147 -6.2831853071795862 0 1 
1 0 0 1 0 
1 0 7.5 1 0 
1 6.2831853071795862 6.1290619179132051 -1 -0 
1 0 -6.2831853071795862 0 1 
1 0 0 0 -1 
1 0 0 0 -1 
1 0 0 1 0 
1 0 7.5 1 0 
1 6.2831853071795862 6.129061917913198 -1 -0 
1 1.0189365320945156 -6.2831853071795862 0 1 
1 6.2831853071795862 1.370938082086802 -1 -0 
1 1.0189365320945156 -6.2831853071795862 0 1 
1 7.5 0 0 -1 
1 7.5 0 0 -1 
1 0 0 1 0 
1 0 7.5 1 0 
1 6.2831853071795862 6.129061917913198 -1 -0 
1 1.0189365320945156 -6.2831853071795862 0 1 
1 6.2831853071795862 1.370938082086802 -1 -0 
1 1.0189365320945156 -6.2831853071795862 0 1 
1 6.2831853071795862 0 0 1 
1 0 0 0 1 
1 1.0189365320945154 -6.2831853071795862 0 1 
1 0.03105379425535304 6.2831853071795862 -0 -1 
1 0 -6.2831853071795862 0 1 
1 1.1347733836561156 6.2831853071795862 -0 -1 
1 0 -6.2831853071795862 0 1 
1 1.1347733836561156 6.2831853071795862 -0 -1 
1 0 -6.2831853071795862 0 1 
1 1.1347733836561158 6.2831853071795862 -0 -1 
1 0 0 1 0 
1 0 7.5 1 0 
1 6.2831853071795862 6.1290619179132051 -1 -0 
1 0 -6.2831853071795862 0 1 
1 1.0189365320945154 -6.2831853071795862 0 1 
1 0.03105379425535304 6.2831853071795862 -0 -1 
3 6.2831853071795862 3.5 0.96333300867924354 0.2683086178060563 -0.26830861780605636 0.96333300867924365 6.2831853071795862 0.69999999999999996
1 0 0 1 0 
1 3.1415926535897931 0 0 1 
1 0 0 0 1 
3 6.2831853071795862 3.5 0.96333300867924354 0.2683086178060563 -0.26830861780605636 0.96333300867924365 6.2831853071795862 0.17499999999999999
1 0 1 1 0 
1 0 0 0 1 
1 12.566370614359172 0 0 1 
1 12.335985113234115 5.1858327651886764 -0.96333300867924365 -0.2683086178060563 
1 12.566370614359172 0 -1 0 
1 12.566370614359172 1 -1 0 
Curves 138
1 -25 0 0 0 0 1 
1 -25 0 2.4999999999999996 0 -1 0 
1 -25 0 67.5 0 -1 0 
1 -25 -6.129061917913198 0 0 0 1 
1 -25 7.5 2.4999999999999996 -0 -1 -0 
1 -25 7.5 67.5 -0 -1 -0 
1 -25 6.129061917913198 0 -0 -0 1 
2 -22.5 0 2.4999999999999996 -0 -1 -0 -1 0 0 0 0 -1 2.5
1 -22.5 0 -4.4408920985006262e-16 0 -1 0 
2 -22.5 -6.129061917913198 2.5 0 1 -0 -1 0 0 0 0 1 2.5
2 -22.5 0 67.5 0 1 0 -1 0 0 0 -0 1 2.5
1 -22.5 0 70 0 -1 0 
2 -22.5 -6.129061917913198 67.5 0 -1 0 -1 0 0 -0 -0 -1 2.5
2 -22.5 -6.129061917913198 2.5 0 0 1 -1 0 0 0 -1 0 2.5
2 -22.5 -6.129061917913198 67.5 0 0 1 -1 0 0 0 -1 0 2.5
1 -23.810679611650485 -8.2579393111896948 0 0 0 1 
2 -22.5 6.129061917913198 2.5 6.6613381477509383e-16 1 -0 -1 6.6613381477509383e-16 0 0 0 1 2.5
1 -22.5 7.5 -4.4408920985006262e-16 -0 -1 -0 
2 -22.5 6.129061917913198 67.5 -6.6613381477509383e-16 -1 0 -1 6.6613381477509383e-16 0 -0 0 -1 2.5
1 -22.5 7.5 70 -0 -1 -0 
2 -22.5 6.129061917913198 2.5 0 0 1 -0.52427184466019416 0.85155095731059893 0 -0.85155095731059893 -0.52427184466019416 0 2.5
2 -22.5 6.129061917913198 67.5 0 0 1 -0.52427184466019416 0.85155095731059893 0 -0.85155095731059893 -0.52427184466019416 0 2.5
1 -23.810679611650485 8.2579393111896948 0 -0 -0 1 
2 0 -30.416666666666664 0 -0 -0 -1 -0.55045871559633031 0.83486238532110091 0 0.83486238532110091 0.55045871559633031 -0 42.916666666666664
1 22.5 0 -4.4408920985006262e-16 -0 1 -0 
2 0 30.416666666666664 0 0 0 1 -0.55045871559633031 -0.83486238532110091 0 0.83486238532110091 -0.55045871559633031 0 42.916666666666664
1 22.5 -7.5 -4.4408920985006262e-16 0 1 0 
2 -22.5 -6.129061917913198 2.5 -0.85155095731059882 0.52427184466019416 0 -0.52427184466019416 -0.85155095731059882 0 0 0 1 2.5
2 0 -30.416666666666664 70 -0 -0 -1 -0.55045871559633031 0.83486238532110091 0 0.83486238532110091 0.55045871559633031 -0 42.916666666666664
1 22.5 0 70 -0 1 -0 
2 0 30.416666666666664 70 0 0 1 -0.55045871559633031 -0.83486238532110091 0 0.83486238532110091 -0.55045871559633031 0 42.916666666666664
1 22.5 -7.5 70 0 1 0 
2 0 0 70 0 0 1 1 0 -0 -0 1 0 7.5
2 -22.5 -6.129061917913198 67.5 0.85155095731059882 -0.52427184466019416 0 -0.52427184466019416 -0.85155095731059882 0 0 -0 -1 2.5
2 0 30.416666666666664 2.5 0 0 1 -0.55045871559633031 -0.83486238532110091 0 0.83486238532110091 -0.55045871559633031 0 45.416666666666664
2 0 30.416666666666664 67.5 0 0 1 -0.55045871559633031 -0.83486238532110091 0 0.83486238532110091 -0.55045871559633031 0 45.416666666666664
1 23.810679611650485 -8.2579393111896948 0 0 0 1 
2 -22.5 6.129061917913198 2.5 0.85155095731059893 0.52427184466019416 -0 -0.52427184466019416 0.85155095731059893 0 0 0 1 2.5
2 -22.5 6.129061917913198 67.5 -0.85155095731059893 -0.52427184466019416 0 -0.52427184466019416 0.85155095731059893 0 -0 0 -1 2.5
2 0 -30.416666666666664 2.5 -0 -0 -1 -0.55045871559633031 0.83486238532110091 0 0.83486238532110091 0.55045871559633031 -0 45.416666666666664
2 0 -30.416666666666664 67.5 -0 -0 -1 -0.55045871559633031 0.83486238532110091 0 0.83486238532110091 0.55045871559633031 -0 45.416666666666664
1 23.810679611650485 8.2579393111896948 0 -0 -0 1 
2 22.5 6.129061917913198 2.5 0.85155095731059893 -0.52427184466019416 0 0.52427184466019416 0.85155095731059893 0 -0 0 1 2.5
2 22.5 0 2.4999999999999996 0 1 0 1 0 -0 -0 0 -1 2.5
1 25 0 2.4999999999999996 -0 1 -0 
2 22.5 6.129061917913198 2.5 -1.6653345369377346e-16 -1 0 1 -1.6653345369377346e-16 -0 0 0 1 2.5
2 22.5 -6.129061917913198 2.5 -0.85155095731059893 -0.52427184466019416 0 0.52427184466019416 -0.85155095731059893 0 0 0 1 2.5
2 22.5 -6.129061917913198 2.5 1.6653345369377346e-16 -1 0 1 1.6653345369377346e-16 0 -0 0 1 2.5
1 25 -7.5 2.4999999999999996 0 1 0 
2 22.5 6.129061917913198 67.5 -0.85155095731059893 0.52427184466019416 0 0.52427184466019416 0.85155095731059893 0 0 0 -1 2.5
2 22.5 0 67.5 -0 -1 -0 1 0 -0 0 -0 1 2.5
1 25 0 67.5 -0 1 -0 
2 22.5 6.129061917913198 67.5 1.6653345369377346e-16 1 -0 1 -1.6653345369377346e-16 0 0 -0 -1 2.5
2 22.5 -6.129061917913198 67.5 0.85155095731059893 0.52427184466019416 -0 0.52427184466019416 -0.85155095731059893 0 0 -0 -1 2.5
2 22.5 -6.129061917913198 67.5 -1.6653345369377346e-16 1 0 1 1.6653345369377346e-16 0 0 0 -1 2.5
1 25 -7.5 67.5 0 1 0 
2 0 0 77 0 0 1 1 0 -0 -0 1 0 7.5
1 7.5 -1.83697019872103e-15 70 0 0 1 
2 22.5 -6.129061917913198 2.5 0 0 1 0.52427184466019416 -0.85155095731059893 0 0.85155095731059893 0.52427184466019416 -0 2.5
2 22.5 -6.129061917913198 67.5 0 0 1 0.52427184466019416 -0.85155095731059893 0 0.85155095731059893 0.52427184466019416 -0 2.5
1 25 -6.129061917913198 0 0 0 1 
2 22.5 6.129061917913198 2.5 -0 -0 -1 0.52427184466019416 0.85155095731059893 -0 0.85155095731059893 -0.52427184466019416 0 2.5
2 22.5 6.129061917913198 67.5 -0 -0 -1 0.52427184466019416 0.85155095731059893 -0 0.85155095731059893 -0.52427184466019416 0 2.5
1 25 6.129061917913198 0 -0 -0 1 
1 25 0 0 0 0 1 
2 0 0 77 0 0 1 1 0 0 0 1 0 6.9000000000000004
1 6.9000000000000004 -1.6900125828233475e-15 70 0 0 1 
2 0 0 70 0 0 1 1 0 0 0 1 0 6.9000000000000004
2 -22.499999999999982 6.1290619179132051 67.5 -0.85155095731059893 -0.52427184466019383 -0 -0.52427184466019383 0.85155095731059893 -2.4492935982947059e-16 1.2840956728923693e-16 -2.0856983083625785e-16 -1 1.8999999999999999
2 -22.5 6.1290619179131962 67.5 -6.6613381477509383e-16 -1 9.407594203469414e-33 -1.0000000000000002 6.6613381477509392e-16 -2.4492935982947069e-16 2.4492935982947069e-16 -1.7256332301709633e-31 -1 1.8999999999999999
2 -22.5 6.129061917913198 67.5 0 0 1 -0.52427184466019416 0.85155095731059893 0 -0.85155095731059893 -0.52427184466019416 0 1.8999999999999999
2 0 -30.416666666666664 69.400000000000006 0 0 -1 -0.55045871559633031 0.83486238532110091 0 0.83486238532110091 0.55045871559633031 0 42.916666666666664
2 0 -30.416666666666664 67.5 0 0 -1 -0.55045871559633031 0.83486238532110091 0 0.83486238532110091 0.55045871559633031 0 44.816666666666663
2 22.500000000000014 6.1290619179131909 67.5 -0.8515509573105986 0.5242718446601945 -1.2325951644078309e-32 0.5242718446601945 0.8515509573105986 -2.4492935982947064e-16 -1.284095672892371e-16 -2.085698308362578e-16 -1 1.8999999999999999
1 -22.5 7.5 69.400000000000006 -0 -1 -0 
1 -22.5 0 69.400000000000006 0 -1 0 
1 22.5 0 69.400000000000006 -0 1 -0 
2 0 30.416666666666664 69.400000000000006 0 0 1 -0.55045871559633031 -0.83486238532110091 0 0.83486238532110091 -0.55045871559633031 0 42.916666666666664
1 22.5 -7.5 69.400000000000006 0 1 0 
2 0 0 -0.59999999999999998 0 -0 1 1 0 0 -0 1 0 7.5
2 -22.499999999999982 6.1290619179132051 2.5 0.85155095731059893 0.52427184466019383 -0 -0.52427184466019383 0.85155095731059893 2.4492935982947059e-16 1.2840956728923693e-16 -2.0856983083625785e-16 1 1.8999999999999999
2 -22.5 6.1290619179131962 2.5 6.6613381477509383e-16 1 9.407594203469414e-33 -1.0000000000000002 6.6613381477509392e-16 2.4492935982947069e-16 2.4492935982947069e-16 -1.7256332301709633e-31 1 1.8999999999999999
2 -22.5 6.129061917913198 2.5 0 0 1 -0.52427184466019416 0.85155095731059893 0 -0.85155095731059893 -0.52427184466019416 0 1.8999999999999999
1 -22.5 7.5 0.59999999999999964 -0 -1 -0 
1 -24.399999999999999 7.5 2.4999999999999996 -0 -1 -0 
2 -22.5 0 2.4999999999999996 -0 -1 -0 -1 0 0 0 0 -1 1.8999999999999999
1 -24.399999999999999 0 2.4999999999999996 0 -1 0 
1 -22.5 0 0.59999999999999964 0 -1 0 
2 -22.5 -6.129061917913198 2.5 0 1 -0 -1 0 2.4492935982947064e-16 2.4492935982947064e-16 0 1 1.8999999999999999
1 -24.399999999999999 0 0 0 0 1 
1 -24.399999999999999 0 67.5 0 -1 0 
1 -24.399999999999999 -6.129061917913198 0 0 0 1 
2 -22.5 -6.129061917913198 2.5 0 0 1 -1 0 0 0 -1 0 1.8999999999999999
2 -22.5 -6.129061917913198 67.5 0 0 1 -1 0 0 0 -1 0 1.8999999999999999
1 -23.496116504854367 -7.7470087368033305 0 0 0 1 
2 0 -30.416666666666664 0.60000000000000009 0 0 -1 -0.55045871559633031 0.83486238532110091 0 0.83486238532110091 0.55045871559633031 0 42.916666666666664
1 22.5 0 0.59999999999999964 -0 1 -0 
2 0 30.416666666666664 0.60000000000000009 0 0 1 -0.55045871559633031 -0.83486238532110091 0 0.83486238532110091 -0.55045871559633031 0 42.916666666666664
1 22.5 -7.5 0.59999999999999964 0 1 0 
2 22.5 0 2.4999999999999996 -0 1 0 1 0 0 0 0 -1 1.8999999999999999
1 24.399999999999999 0 2.4999999999999996 -0 1 -0 
2 22.5 6.129061917913198 2.5 -1.6653345369377346e-16 -1 8.5148743729065075e-33 1.0000000000000002 -1.6653345369377348e-16 2.4492935982947069e-16 -2.4492935982947069e-16 4.9303806576313238e-32 1 1.8999999999999999
2 22.5 -6.129061917913198 2.5 1.6653345369377346e-16 -1 -8.5148743729065075e-33 1.0000000000000002 1.6653345369377348e-16 2.4492935982947069e-16 -2.4492935982947069e-16 -4.9303806576313238e-32 1 1.8999999999999999
1 24.399999999999999 -7.5 2.4999999999999996 0 1 0 
1 24.399999999999999 0 0 0 0 1 
1 24.399999999999999 0 67.5 -0 1 -0 
1 24.399999999999999 6.1290619179131989 0 -0 -0 1 
1 23.496116504854371 7.7470087368033349 0 -0 -0 1 
2 22.5 6.129061917913198 2.5 0 0 -1 0.52427184466019416 0.85155095731059893 0 0.85155095731059893 -0.52427184466019416 0 1.8999999999999999
2 22.5 6.129061917913198 67.5 0 0 -1 0.52427184466019416 0.85155095731059893 0 0.85155095731059893 -0.52427184466019416 0 1.8999999999999999
2 22.5 0 67.5 0 -1 0 1 0 0 0 0 1 1.8999999999999999
2 22.5 6.129061917913198 67.5 1.6653345369377346e-16 1 8.5148743729065075e-33 1.0000000000000002 -1.6653345369377348e-16 -2.4492935982947069e-16 -2.4492935982947069e-16 4.9303806576313238e-32 -1 1.8999999999999999
2 22.5 -6.129061917913198 67.5 -1.6653345369377346e-16 1 -8.5148743729065075e-33 1.0000000000000002 1.6653345369377348e-16 -2.4492935982947069e-16 -2.4492935982947069e-16 -4.9303806576313238e-32 -1 1.8999999999999999
1 24.399999999999999 -7.5 67.5 0 1 0 
2 7.5 -1.83697019872103e-15 70 2.4492935982947064e-16 1 0 1 -2.4492935982947064e-16 0 0 0 -1 0.59999999999999998
2 -22.5 -6.1290619179132051 2.5 -0.85155095731059893 0.52427184466019416 -0 -0.52427184466019416 -0.85155095731059893 2.4492935982947069e-16 1.2840956728923703e-16 2.0856983083625787e-16 1 1.8999999999999999
2 0 30.416666666666664 2.5 0 0 1 -0.55045871559633031 -0.83486238532110091 0 0.83486238532110091 -0.55045871559633031 0 44.816666666666663
2 22.5 -6.129061917913198 2.5 -0.85155095731059882 -0.52427184466019416 -0 0.52427184466019416 -0.85155095731059882 2.4492935982947064e-16 -1.2840956728923703e-16 2.0856983083625785e-16 1 1.8999999999999999
2 22.5 -6.129061917913198 2.5 -0 0 1 0.52427184466019416 -0.85155095731059893 0 0.85155095731059893 0.52427184466019416 0 1.8999999999999999
1 23.496116504854371 -7.7470087368033349 0 0 0 1 
2 22.5 -6.129061917913198 67.5 -0 0 1 0.52427184466019416 -0.85155095731059893 0 0.85155095731059893 0.52427184466019416 0 1.8999999999999999
1 24.399999999999999 -6.1290619179131989 0 0 0 1 
2 22.5 -6.129061917913198 67.5 0.85155095731059882 0.52427184466019416 -0 0.52427184466019416 -0.85155095731059882 -2.4492935982947064e-16 -1.2840956728923703e-16 2.0856983083625785e-16 -1 1.8999999999999999
1 -24.399999999999999 7.5 67.5 -0 -1 -0 
1 -24.399999999999999 6.129061917913198 0 -0 -0 1 
2 22.500000000000014 6.1290619179131909 2.5 0.8515509573105986 -0.5242718446601945 -1.2325951644078309e-32 0.5242718446601945 0.8515509573105986 2.4492935982947064e-16 -1.284095672892371e-16 -2.085698308362578e-16 1 1.8999999999999999
2 -22.5 0 67.5 0 1 -0 -1 0 0 0 0 1 1.8999999999999999
2 -22.5 -6.129061917913198 67.5 0 -1 -0 -1 0 -2.4492935982947064e-16 2.4492935982947064e-16 0 -1 1.8999999999999999
2 -22.5 -6.1290619179132051 67.5 0.85155095731059893 -0.52427184466019416 -0 -0.52427184466019416 -0.85155095731059893 -2.4492935982947069e-16 1.2840956728923703e-16 2.0856983083625787e-16 -1 1.8999999999999999
1 -23.496116504854367 7.7470087368033305 0 -0 -0 1 
2 0 -30.416666666666664 2.5 0 0 -1 -0.55045871559633031 0.83486238532110091 0 0.83486238532110091 0.55045871559633031 0 44.816666666666663
2 0 30.416666666666664 67.5 0 0 1 -0.55045871559633031 -0.83486238532110091 0 0.83486238532110091 -0.55045871559633031 0 44.816666666666663
7 0 0  11 42 5  7.2288198952218501 -1.6955199563687606 75.185832765188678  7.2060829160448954 -1.7924586723129328 75.233980036370667  7.1244556266540018 -2.1344459684568347 75.272673612976746  6.9713162821053123 -2.7178280000004391 75.301583498759513  6.6999207887038867 -3.5279714116070457 75.320460690883394  6.2188657426024054 -4.5341921412977193 75.329140814471316  5.4244198909360035 -5.6698957115370314 75.327546568619582  4.1885091236967966 -6.8041151281227368 75.315688906898629  2.4315790013669569 -7.6906532366323717 75.293666916737195  0.26263655212652359 -7.9989393199298204 75.261666397973443  -2.0012734923172211 -7.5231883262823409 75.21995718522048  -5.9524002025746539 -5.0172093849223431 75.117821399372488  -7.6393694011670501 -2.9869017496512922 75.057394826264073  -8.6551373911610288 -0.1880573290438369 74.987959586839239  -8.5394040862901726 3.1635685455175375 74.909945874040005  -6.9167770153089174 6.5061094313010699 74.823860204844905  -3.6727542885913969 9.0266242174997391 74.7302803865676  0.56533641417889835 9.622163461204563 74.629849386278565  4.4321803233986161 8.1371617368771449 74.523268215958524  6.9957570839064021 5.2110744778752105 74.411287984164431  7.8935638544737783 1.7660744565949604 74.294701284036421  6.6952893105345082 -4.5387741031178974 74.053964928114084  4.5991142291183094 -7.3988607857707871 73.929815272318237  1.1713989453663531 -9.1541651741035555 73.802709129164199  -2.8958346255519571 -9.1147449558218572 73.673503886464019  -6.514709540018182 -7.0792552068607995 73.543080241832101  -8.5733164629323984 -3.7351923456646956 73.412332639649222  -8.9707889829834642 -0.22227614424337538 73.282159418574537  -8.0652846427206129 2.8237529277200228 73.153452872235064  -6.3569124360570584 5.0577898735347357 73.02708942845544  -4.292105320331828 6.4453302577278109 72.903920148697722  -0.090796887054270525 7.7431392947112743 72.665603315050717  2.0455790629493906 7.6535869655695157 72.550455761132739  3.8974854698787484 6.9353277597314396 72.440135769160747  5.2657390348606077 5.8502446225435625 72.335425675173497  6.1534453560265971 4.6934753262883584 72.237064457623759  6.6815523661465361 3.6433604798964163 72.145739243244037  6.9767402810886869 2.7801648608896472 72.062077509189834  7.1316584237154119 2.1434285509843178 71.98664013586739  7.2153824300682698 1.7466500400811389 71.91991547180082  7.2515568743980552 1.5985812404241528 71.862314505988692  7.2288198952218519 1.6955199563687573 71.814167234811336 
 0 12 0.78539816339744828 10 1.5707963267948966 10 2.3561944901923448 10 3.1415926535897931 12
7 0 0  1 2 2  7.2288198952218519 1.6955199563687573 71.814167234811336  7.6669301919019652 1.7982787416032271 71.814167234811308 
 0 2 1 2
7 0 0  11 42 5  7.6669301919019635 -1.7982787416032311 75.185832765188664  7.6609014474229005 -1.8239821890124155 75.197869582980871  7.5938283441425103 -2.1099002747618938 75.200452706205496  7.4618494662309871 -2.6551097063476949 75.193499635727449  7.2244619842329527 -3.4467883119531812 75.177008865930745  6.7932161192305234 -4.4602744823325473 75.151060792739869  6.0618204917009431 -5.6365656918658047 75.115817433856719  4.8933302176428217 -6.8582878997511099 75.071520938568838  3.1834759874093268 -7.891513008779615 75.018490909552085  0.99955015120758284 -8.3960216113080772 74.957120588299276  -1.3686408656609084 -8.1255138137795964 74.887871997620223  -5.702670335944128 -5.94783183997514 74.73466831884609  -7.6682898647643105 -4.0405223957144409 74.650713230742099  -9.0473720151818515 -1.2735667722938071 74.559929914691637  -9.3494453163502449 2.1994152005040957 74.462906389302674  -8.1153927863958693 5.8652311873731815 74.360287888165175  -5.115425065730232 8.9236357773538053 74.25277015091504  -0.80128057839504863 10.161454607857621 74.141091909000323  3.4516553171401747 9.1856096517014016 74.026026711538549  6.5699842980636713 6.5076629977875555 73.908374262982377  8.0260619471230008 3.0299521559060238 73.788951454480554  7.7065793962517191 -3.7692060775983056 73.548215098556724  5.9309938991890414 -7.0909222844779549 73.426901551141867  2.5823441629154682 -9.4566237792260317 73.305467624731207  -1.7238101265766563 -10.025985732668252 73.184746409207506  -5.8725170244146758 -8.4044132699872094 73.065570006151603  -8.5563088748932028 -5.1269840812528331 72.948760322997202  -9.4640191412044459 -1.4162169107093467 72.835119933815406  -8.8901645833542506 1.9750444299935617 72.725423200101417  -7.3269604515378193 4.5914497671416923 72.620407832926745  -5.2610379454272715 6.3276322300525232 72.520767068173285  -0.86086332620293293 8.1839088604180148 72.333518127448244  1.4732028334420193 8.3041647060246149 72.245909951467937  3.5726908280617362 7.6908302717025343 72.164959761951238  5.1792036183837338 6.605032921700877 72.091257706892037  6.255221344883573 5.377453111155118 72.025335322786631  6.9159348381347296 4.2239551499685506 71.967659221599448  7.2978705470298069 3.2484598104647464 71.918625684161498  7.5043677998760021 2.5027951652971963 71.878556272883131  7.6179375943077385 2.0070755909887881 71.847694565008965  7.6729589363803257 1.7725752941933266 71.82620405260397  7.6669301919019652 1.7982787416032271 71.814167234811308 
 0 12 0.78539816339744828 10 1.5707963267948966 10 2.3561944901923448 10 3.1415926535897931 12
7 0 0  1 2 2  7.2288198952218501 -1.6955199563687606 75.185832765188678  7.6669301919019635 -1.7982787416032311 75.185832765188664 
 0 2 1 2
7 0 0  11 22 3  7.2288198952218519 -1.6955199563687557 75.185832765188678  6.2958523622156344 -5.6732108345321119 75.032575241077453  2.9556447403892179 -9.0861782864995337 74.879317716984801  -2.4156648701520287 -10.315486447380907 74.726060192838858  -8.1957352083379149 -8.027265213804224 74.572802668793329  -11.858311256268752 -2.2462691909016774 74.419545144608648  -11.032054153875748 4.8947984917249894 74.266287620573181  -6.1461421366884581 9.6866918632468639 74.113030096411165  0.0037315633172055216 10.594559145450825 73.9597725723347  4.952406749417162 8.1711773370649539 73.806515048212219  7.424999999999959 4.0856398690866511 73.653257524109023  7.425000000000014 -4.0856398690867826 73.346742475890693  4.9524067494169346 -8.1711773370640177 73.193484951791788  0.0037315633177582843 -10.59455914545314 73.040227427651686  -6.1461421366895888 -9.6866918632428618 72.886969903614613  -11.032054153873938 -4.8947984917305529 72.733712379394547  -11.858311256271071 2.2462691909081243 72.580454855419816  -8.1957352083356589 8.027265213798394 72.427197331188793  -2.4156648701536056 10.315486447384854 72.273939807168702  2.9556447403899706 9.0861782864977094 72.120682283013366  6.2958523622154514 5.6732108345325756 71.967424758922817  7.2288198952218563 1.6955199563687564 71.814167234811322 
 0 12 6.2831853071795862 10 12.566370614359172 12
7 0 0  11 22 3  7.6669301919019608 -1.7982787416032258 75.185832765188678  6.6774191720471148 -6.0170417942007024 75.032575241077453  3.1347747246542643 -9.6368557584086876 74.879317716984801  -2.5620688016740734 -10.940667444191716 74.726060192838858  -8.6924464330895805 -8.5137661358530448 74.572802668793329  -12.576996786946898 -2.3824067176232595 74.419545144608648  -11.70066349653939 5.1914529457696599 74.266287620573181  -6.5186355995148579 10.273764097382072 74.113030096411165  0.0039577186680651473 11.2366536391153 73.9597725723347  5.2525526130188123 8.6664002059775829 73.806515048212219  7.8749999999998375 4.3332544066071668 73.653257524109023  7.8750000000000924 -4.3332544066073355 73.346742475890693  5.2525526130177216 -8.6664002059762701 73.193484951791788  0.0039577186707628054 -11.236653639118819 73.040227427651686  -6.518635599519774 -10.273764097375444 72.886969903614613  -11.700663496532515 -5.1914529457794254 72.733712379394547  -12.576996786954474 2.3824067176347232 72.580454855419816  -8.6924464330831928 8.5137661358427508 72.427197331188793  -2.562068801677992 10.940667444198558 72.273939807168702  3.1347747246559226 9.6368557584055736 72.120682283013366  6.677419172046724 6.0170417942014787 71.967424758922817  7.6669301919019617 1.7982787416032255 71.814167234811322 
 0 12 6.2831853071795862 10 12.566370614359172 12
Polygon3D 0
PolygonOnTriangulations 0
Surfaces 72
1 -25 0 0 1 0 -0 0 -1 0 0 -0 -1 
1 -25 0 0 -1 0 0 0 1 0 0 0 -1 
2 -22.5 0 2.4999999999999996 0 -1 0 -1 -0 0 0 -0 -1 2.5
2 -22.5 0 67.5 0 -1 0 -1 -0 0 -0 0 1 2.5
2 -22.5 -6.129061917913198 0 0 0 1 -1 0 0 0 -1 0 2.5
2 -22.5 7.5 2.4999999999999996 -0 -1 -0 -1 0 0 0 0 -1 2.5
2 -22.5 7.5 67.5 -0 -1 -0 -1 0 0 -0 -0 1 2.5
2 -22.5 6.129061917913198 0 -0 -0 1 -1 0 0 0 1 0 2.5
1 0 3.1525759168370459e-16 0 0 0 1 1 0 -0 -0 1 0 
4 -22.5 -6.129061917913198 2.5 0 0 1 -1 0 0 0 -1 0 2.5
4 -22.5 -6.129061917913198 67.5 -0 -0 -1 -1 0 0 -0 -1 0 2.5
2 0 30.416666666666664 0 -0 -0 -1 -0.55045871559633031 -0.83486238532110091 0 0.83486238532110091 -0.55045871559633031 0 45.416666666666664
4 -22.5 6.129061917913198 2.5 0 0 1 -0.52427184466019416 0.85155095731059893 0 -0.85155095731059893 -0.52427184466019416 0 2.5
4 -22.5 6.129061917913198 67.5 -0 -0 -1 -0.52427184466019416 0.85155095731059893 0 -0.85155095731059893 -0.52427184466019416 0 2.5
2 0 -30.416666666666664 0 0 0 -1 -0.55045871559633031 0.83486238532110091 -0 0.83486238532110091 0.55045871559633031 0 45.416666666666664
5 0 -30.416666666666664 2.5 -0 -0 -1 -0.55045871559633031 0.83486238532110091 0 0.83486238532110091 0.55045871559633031 -0 42.916666666666664 2.5
2 22.5 0 2.4999999999999996 -0 1 -0 1 0 0 0 0 -1 2.5
5 0 30.416666666666664 2.5 -0 -0 -1 -0.55045871559633031 -0.83486238532110091 0 0.83486238532110091 -0.55045871559633031 -0 42.916666666666664 2.5
2 22.5 -7.5 2.4999999999999996 0 1 0 1 0 -0 -0 0 -1 2.5
5 0 -30.416666666666664 67.5 0 0 1 -0.55045871559633031 0.83486238532110091 0 0.83486238532110091 0.55045871559633031 -0 42.916666666666664 2.5
2 22.5 0 67.5 -0 1 -0 1 0 0 -0 -0 1 2.5
5 0 30.416666666666664 67.5 0 0 1 -0.55045871559633031 -0.83486238532110091 0 0.83486238532110091 -0.55045871559633031 0 42.916666666666664 2.5
2 22.5 -7.5 67.5 0 1 0 1 0 -0 0 -0 1 2.5
2 0 0 70 0 0 1 1 0 -0 -0 1 0 7.5
1 0 0 70 0 0 1 1 0 -0 -0 1 0 
2 22.5 -6.129061917913198 0 0 0 1 0.52427184466019416 -0.85155095731059893 0 0.85155095731059893 0.52427184466019416 -0 2.5
2 22.5 6.129061917913198 0 -0 -0 1 0.52427184466019416 0.85155095731059893 0 0.85155095731059893 -0.52427184466019416 -0 2.5
4 22.5 6.129061917913198 2.5 0 0 1 0.52427184466019416 0.85155095731059893 -0 0.85155095731059893 -0.52427184466019416 -0 2.5
1 25 7.5 0 1 0 -0 0 -1 0 0 -0 -1 
4 22.5 -6.129061917913198 2.5 0 0 1 0.52427184466019416 -0.85155095731059893 0 0.85155095731059893 0.52427184466019416 -0 2.5
1 25 -7.5 0 -1 0 0 0 1 0 0 0 -1 
4 22.5 6.129061917913198 67.5 -0 -0 -1 0.52427184466019416 0.85155095731059893 -0 0.85155095731059893 -0.52427184466019416 0 2.5
4 22.5 -6.129061917913198 67.5 -0 -0 -1 0.52427184466019416 -0.85155095731059893 0 0.85155095731059893 0.52427184466019416 -0 2.5
1 0 0 77 0 0 1 1 0 -0 -0 1 0 
2 0 0 70 0 0 1 1 0 -0 -0 1 0 6.9000000000000004
10 0 6.2831853071795862 1.5707963267948966 3.1415926535897931
5 0 0 70 -0 -0 -1 1 0 -0 -0 1 0 7.5 0.59999999999999998
4 -22.5 6.129061917913198 67.5 -0 -0 -1 -0.52427184466019416 0.85155095731059893 0 -0.85155095731059893 -0.52427184466019416 0 1.8999999999999999
5 0 -30.416666666666664 67.5 0 0 1 -0.55045871559633031 0.83486238532110091 0 0.83486238532110091 0.55045871559633031 -0 42.916666666666664 1.8999999999999999
2 -22.5 7.5 67.5 -0 -1 -0 -1 0 0 -0 -0 1 1.8999999999999999
2 -22.5 6.129061917913198 0 -0 -0 1 -1 0 0 0 1 0 1.8999999999999999
1 0 3.1525759168370459e-16 -0.59999999999999998 0 0 1 1 0 -0 -0 1 0 
2 0 -30.416666666666664 0 0 0 -1 -0.55045871559633031 0.83486238532110091 -0 0.83486238532110091 0.55045871559633031 0 44.816666666666663
4 22.5 6.129061917913198 67.5 -0 -0 -1 0.52427184466019416 0.85155095731059893 -0 0.85155095731059893 -0.52427184466019416 0 1.8999999999999999
2 -22.5 0 67.5 0 -1 0 -1 -0 0 -0 0 1 1.8999999999999999
2 22.5 0 67.5 -0 1 -0 1 0 0 -0 -0 1 1.8999999999999999
5 0 30.416666666666664 67.5 0 0 1 -0.55045871559633031 -0.83486238532110091 0 0.83486238532110091 -0.55045871559633031 0 42.916666666666664 1.8999999999999999
2 22.5 -7.5 67.5 0 1 0 1 0 -0 0 -0 1 1.8999999999999999
4 -22.5 6.129061917913198 2.5 0 0 1 -0.52427184466019416 0.85155095731059893 0 -0.85155095731059893 -0.52427184466019416 0 1.8999999999999999
5 0 -30.416666666666664 2.5 -0 -0 -1 -0.55045871559633031 0.83486238532110091 0 0.83486238532110091 0.55045871559633031 -0 42.916666666666664 1.8999999999999999
2 -22.5 7.5 2.4999999999999996 -0 -1 -0 -1 0 0 0 0 -1 1.8999999999999999
1 0 3.1525759168370459e-16 0.59999999999999998 0 0 1 1 0 -0 -0 1 0 
1 -24.399999999999999 0 0 -1 0 0 0 1 0 0 0 -1 
2 -22.5 0 2.4999999999999996 0 -1 0 -1 -0 0 0 -0 -1 1.8999999999999999
1 -24.399999999999999 0 0 1 0 -0 0 -1 0 0 -0 -1 
4 -22.5 -6.129061917913198 2.5 0 0 1 -1 0 0 0 -1 0 1.8999999999999999
2 -22.5 -6.129061917913198 0 0 0 1 -1 0 0 0 -1 0 1.8999999999999999
4 -22.5 -6.129061917913198 67.5 -0 -0 -1 -1 0 0 -0 -1 0 1.8999999999999999
2 0 30.416666666666664 0 -0 -0 -1 -0.55045871559633031 -0.83486238532110091 0 0.83486238532110091 -0.55045871559633031 0 44.816666666666663
2 22.5 0 2.4999999999999996 -0 1 -0 1 0 0 0 0 -1 1.8999999999999999
5 0 30.416666666666664 2.5 -0 -0 -1 -0.55045871559633031 -0.83486238532110091 0 0.83486238532110091 -0.55045871559633031 -0 42.916666666666664 1.8999999999999999
2 22.5 -7.5 2.4999999999999996 0 1 0 1 0 -0 -0 0 -1 1.8999999999999999
1 24.399999999999999 7.5 0 1 0 -0 0 -1 0 0 -0 -1 
4 22.5 6.129061917913198 2.5 0 0 1 0.52427184466019416 0.85155095731059893 -0 0.85155095731059893 -0.52427184466019416 -0 1.8999999999999999
4 22.5 -6.129061917913198 2.5 0 0 1 0.52427184466019416 -0.85155095731059893 0 0.85155095731059893 0.52427184466019416 -0 1.8999999999999999
1 24.399999999999999 -7.5 0 -1 0 0 0 1 0 0 0 -1 
2 22.5 6.129061917913198 0 -0 -0 1 0.52427184466019416 0.85155095731059893 0 0.85155095731059893 -0.52427184466019416 -0 1.8999999999999999
4 22.5 -6.129061917913198 67.5 -0 -0 -1 0.52427184466019416 -0.85155095731059893 0 0.85155095731059893 0.52427184466019416 -0 1.8999999999999999
2 22.5 -6.129061917913198 0 0 0 1 0.52427184466019416 -0.85155095731059893 0 0.85155095731059893 0.52427184466019416 -0 1.8999999999999999
9 0 0 0 0 11 1 42 2 5 2 7.2288198952218501 -1.6955199563687606 75.185832765188678  7.6669301919019635 -1.7982787416032311 75.185832765188664  
7.2060829160448954 -1.7924586723129328 75.233980036370667  7.6609014474229005 -1.8239821890124155 75.197869582980871  
7.1244556266540018 -2.1344459684568347 75.272673612976746  7.5938283441425103 -2.1099002747618938 75.200452706205496  
6.9713162821053123 -2.7178280000004391 75.301583498759513  7.4618494662309871 -2.6551097063476949 75.193499635727449  
6.6999207887038867 -3.5279714116070457 75.320460690883394  7.2244619842329527 -3.4467883119531812 75.177008865930745  
6.2188657426024054 -4.5341921412977193 75.329140814471316  6.7932161192305234 -4.4602744823325473 75.151060792739869  
5.4244198909360035 -5.6698957115370314 75.327546568619582  6.0618204917009431 -5.6365656918658047 75.115817433856719  
4.1885091236967966 -6.8041151281227368 75.315688906898629  4.8933302176428217 -6.8582878997511099 75.071520938568838  
2.4315790013669569 -7.6906532366323717 75.293666916737195  3.1834759874093268 -7.891513008779615 75.018490909552085  
0.26263655212652359 -7.9989393199298204 75.261666397973443  0.99955015120758284 -8.3960216113080772 74.957120588299276  
-2.0012734923172211 -7.5231883262823409 75.21995718522048  -1.3686408656609084 -8.1255138137795964 74.887871997620223  
-5.9524002025746539 -5.0172093849223431 75.117821399372488  -5.702670335944128 -5.94783183997514 74.73466831884609  
-7.6393694011670501 -2.9869017496512922 75.057394826264073  -7.6682898647643105 -4.0405223957144409 74.650713230742099  
-8.6551373911610288 -0.1880573290438369 74.987959586839239  -9.0473720151818515 -1.2735667722938071 74.559929914691637  
-8.5394040862901726 3.1635685455175375 74.909945874040005  -9.3494453163502449 2.1994152005040957 74.462906389302674  
-6.9167770153089174 6.5061094313010699 74.823860204844905  -8.1153927863958693 5.8652311873731815 74.360287888165175  
-3.6727542885913969 9.0266242174997391 74.7302803865676  -5.115425065730232 8.9236357773538053 74.25277015091504  
0.56533641417889835 9.622163461204563 74.629849386278565  -0.80128057839504863 10.161454607857621 74.141091909000323  
4.4321803233986161 8.1371617368771449 74.523268215958524  3.4516553171401747 9.1856096517014016 74.026026711538549  
6.9957570839064021 5.2110744778752105 74.411287984164431  6.5699842980636713 6.5076629977875555 73.908374262982377  
7.8935638544737783 1.7660744565949604 74.294701284036421  8.0260619471230008 3.0299521559060238 73.788951454480554  
6.6952893105345082 -4.5387741031178974 74.053964928114084  7.7065793962517191 -3.7692060775983056 73.548215098556724  
4.5991142291183094 -7.3988607857707871 73.929815272318237  5.9309938991890414 -7.0909222844779549 73.426901551141867  
1.1713989453663531 -9.1541651741035555 73.802709129164199  2.5823441629154682 -9.4566237792260317 73.305467624731207  
-2.8958346255519571 -9.1147449558218572 73.673503886464019  -1.7238101265766563 -10.025985732668252 73.184746409207506  
-6.514709540018182 -7.0792552068607995 73.543080241832101  -5.8725170244146758 -8.4044132699872094 73.065570006151603  
-8.5733164629323984 -3.7351923456646956 73.412332639649222  -8.5563088748932028 -5.1269840812528331 72.948760322997202  
-8.9707889829834642 -0.22227614424337538 73.282159418574537  -9.4640191412044459 -1.4162169107093467 72.835119933815406  
-8.0652846427206129 2.8237529277200228 73.153452872235064  -8.8901645833542506 1.9750444299935617 72.725423200101417  
-6.3569124360570584 5.0577898735347357 73.02708942845544  -7.3269604515378193 4.5914497671416923 72.620407832926745  
-4.292105320331828 6.4453302577278109 72.903920148697722  -5.2610379454272715 6.3276322300525232 72.520767068173285  
-0.090796887054270525 7.7431392947112743 72.665603315050717  -0.86086332620293293 8.1839088604180148 72.333518127448244  
2.0455790629493906 7.6535869655695157 72.550455761132739  1.4732028334420193 8.3041647060246149 72.245909951467937  
3.8974854698787484 6.9353277597314396 72.440135769160747  3.5726908280617362 7.6908302717025343 72.164959761951238  
5.2657390348606077 5.8502446225435625 72.335425675173497  5.1792036183837338 6.605032921700877 72.091257706892037  
6.1534453560265971 4.6934753262883584 72.237064457623759  6.255221344883573 5.377453111155118 72.025335322786631  
6.6815523661465361 3.6433604798964163 72.145739243244037  6.9159348381347296 4.2239551499685506 71.967659221599448  
6.9767402810886869 2.7801648608896472 72.062077509189834  7.2978705470298069 3.2484598104647464 71.918625684161498  
7.1316584237154119 2.1434285509843178 71.98664013586739  7.5043677998760021 2.5027951652971963 71.878556272883131  
7.2153824300682698 1.7466500400811389 71.91991547180082  7.6179375943077385 2.0070755909887881 71.847694565008965  
7.2515568743980552 1.5985812404241528 71.862314505988692  7.6729589363803257 1.7725752941933266 71.82620405260397  
7.2288198952218519 1.6955199563687573 71.814167234811336  7.6669301919019652 1.7982787416032271 71.814167234811308  

0 12
0.78539816339744828 10
1.5707963267948966 10
2.3561944901923448 10
3.1415926535897931 12

0 2
1 2

2 0 0 70 0 0 1 1 0 -0 -0 1 0 7.4249999999999998
9 0 0 0 0 11 1 22 2 3 2 7.2288198952218563 1.6955199563687564 71.814167234811322  7.6669301919019617 1.7982787416032255 71.814167234811322  
6.2958523622154514 5.6732108345325756 71.967424758922817  6.677419172046724 6.0170417942014787 71.967424758922817  
2.9556447403899706 9.0861782864977094 72.120682283013366  3.1347747246559226 9.6368557584055736 72.120682283013366  
-2.4156648701536056 10.315486447384854 72.273939807168702  -2.562068801677992 10.940667444198558 72.273939807168702  
-8.1957352083356589 8.027265213798394 72.427197331188793  -8.6924464330831928 8.5137661358427508 72.427197331188793  
